0 inf
0.01 7814
0.02 6808.07
0.03 6221.58
0.04 5806.82
0.05 5486.16
0.06 5225.02
0.07 5004.94
0.08 4814.94
0.09 4647.89
0.1 4498.95
0.11 4364.67
0.12 4242.49
0.13 4130.46
0.14 4027.1
0.15 3931.18
0.16 3841.77
0.17 3758.06
0.18 3679.4
0.19 3605.25
0.2 3535.14
0.21 3468.69
0.22 3405.54
0.23 3345.41
0.24 3288.04
0.25 3233.2
0.26 3180.7
0.27 3130.35
0.28 3082.01
0.29 3035.52
0.3 2990.78
0.31 2947.65
0.32 2906.04
0.33 2865.85
0.34 2827.01
0.35 2789.42
0.36 2753.03
0.37 2717.76
0.38 2683.56
0.39 2650.37
0.4 2618.13
0.41 2586.81
0.42 2556.36
0.43 2526.73
0.44 2497.89
0.45 2469.81
0.46 2442.44
0.47 2415.77
0.48 2389.75
0.49 2364.37
0.5 2339.59
0.51 2315.4
0.52 2291.77
0.53 2268.68
0.54 2246.1
0.55 2224.03
0.56 2202.44
0.57 2181.31
0.58 2160.64
0.59 2140.39
0.6 2120.57
0.61 2101.15
0.62 2082.12
0.63 2063.47
0.64 2045.19
0.65 2027.26
0.66 2009.68
0.67 1992.44
0.68 1975.52
0.69 1958.91
0.7 1942.61
0.71 1926.61
0.72 1910.9
0.73 1895.47
0.74 1880.31
0.75 1865.42
0.76 1850.79
0.77 1836.41
0.78 1822.28
0.79 1808.39
0.8 1794.73
0.81 1781.29
0.82 1768.08
0.83 1755.09
0.84 1742.31
0.85 1729.74
0.86 1717.36
0.87 1705.19
0.88 1693.2
0.89 1681.41
0.9 1669.8
0.91 1658.37
0.92 1647.11
0.93 1636.03
0.94 1625.12
0.95 1614.37
0.96 1603.78
0.97 1593.35
0.98 1583.08
0.99 1572.96
1 1562.98
1.01 1553.16
1.02 1543.47
1.03 1533.93
1.04 1524.52
1.05 1515.25
1.06 1506.11
1.07 1497.1
1.08 1488.21
1.09 1479.46
1.1 1470.82
1.11 1462.31
1.12 1453.91
1.13 1445.63
1.14 1437.46
1.15 1429.41
1.16 1421.47
1.17 1413.63
1.18 1405.9
1.19 1398.28
1.2 1390.76
1.21 1383.34
1.22 1376.02
1.23 1368.8
1.24 1361.67
1.25 1354.64
1.26 1347.7
1.27 1340.86
1.28 1334.1
1.29 1327.43
1.3 1320.86
1.31 1314.36
1.32 1307.96
1.33 1301.63
1.34 1295.39
1.35 1289.23
1.36 1283.15
1.37 1277.15
1.38 1271.23
1.39 1265.38
1.4 1259.61
1.41 1253.91
1.42 1248.29
1.43 1242.73
1.44 1237.25
1.45 1231.84
1.46 1226.5
1.47 1221.23
1.48 1216.03
1.49 1210.89
1.5 1205.81
1.51 1200.81
1.52 1195.86
1.53 1190.98
1.54 1186.16
1.55 1181.41
1.56 1176.71
1.57 1172.07
1.58 1167.5
1.59 1162.98
1.6 1158.52
1.61 1154.11
1.62 1149.77
1.63 1145.47
1.64 1141.24
1.65 1137.05
1.66 1132.92
1.67 1128.85
1.68 1124.82
1.69 1120.85
1.7 1116.93
1.71 1113.06
1.72 1109.23
1.73 1105.46
1.74 1101.74
1.75 1098.06
1.76 1094.44
1.77 1090.85
1.78 1087.32
1.79 1083.83
1.8 1080.39
1.81 1076.99
1.82 1073.64
1.83 1070.33
1.84 1067.06
1.85 1063.84
1.86 1060.66
1.87 1057.52
1.88 1054.43
1.89 1051.37
1.9 1048.36
1.91 1045.39
1.92 1042.45
1.93 1039.56
1.94 1036.7
1.95 1033.89
1.96 1031.11
1.97 1028.37
1.98 1025.67
1.99 1023
2 1020.37
2.01 1017.78
2.02 1015.23
2.03 1012.71
2.04 1010.22
2.05 1007.77
2.06 1005.36
2.07 1002.98
2.08 1000.63
2.09 998.318
2.1 996.038
2.11 993.792
2.12 991.578
2.13 989.397
2.14 987.248
2.15 985.131
2.16 983.045
2.17 980.991
2.18 978.967
2.19 976.974
2.2 975.012
2.21 973.08
2.22 971.177
2.23 969.305
2.24 967.461
2.25 965.647
2.26 963.861
2.27 962.104
2.28 960.375
2.29 958.674
2.3 957.001
2.31 955.356
2.32 953.738
2.33 952.147
2.34 950.583
2.35 949.045
2.36 947.534
2.37 946.049
2.38 944.59
2.39 943.157
2.4 941.749
2.41 940.367
2.42 939.01
2.43 937.677
2.44 936.37
2.45 935.087
2.46 933.828
2.47 932.593
2.48 931.382
2.49 930.195
2.5 929.031
2.51 927.891
2.52 926.773
2.53 925.679
2.54 924.608
2.55 923.559
2.56 922.532
2.57 921.528
2.58 920.546
2.59 919.586
2.6 918.647
2.61 917.73
2.62 916.835
2.63 915.96
2.64 915.107
2.65 914.275
2.66 913.463
2.67 912.672
2.68 911.902
2.69 911.152
2.7 910.422
2.71 909.712
2.72 909.022
2.73 908.351
2.74 907.7
2.75 907.069
2.76 906.457
2.77 905.863
2.78 905.289
2.79 904.734
2.8 904.198
2.81 903.68
2.82 903.18
2.83 902.699
2.84 902.237
2.85 901.792
2.86 901.365
2.87 900.956
2.88 900.565
2.89 900.191
2.9 899.835
2.91 899.496
2.92 899.174
2.93 898.869
2.94 898.582
2.95 898.311
2.96 898.057
2.97 897.82
2.98 897.599
2.99 897.394
3 897.206
3.01 897.034
3.02 896.878
3.03 896.739
3.04 896.615
3.05 896.506
3.06 896.414
3.07 896.337
3.08 896.276
3.09 896.229
3.1 896.199
3.11 896.183
3.12 896.182
3.13 896.197
3.14 896.226
3.15 896.27
3.16 896.329
3.17 896.402
3.18 896.49
3.19 896.592
3.2 896.709
3.21 896.84
3.22 896.985
3.23 897.144
3.24 897.317
3.25 897.504
3.26 897.705
3.27 897.919
3.28 898.147
3.29 898.389
3.3 898.644
3.31 898.912
3.32 899.194
3.33 899.489
3.34 899.797
3.35 900.119
3.36 900.453
3.37 900.8
3.38 901.16
3.39 901.533
3.4 901.918
3.41 902.316
3.42 902.727
3.43 903.15
3.44 903.585
3.45 904.033
3.46 904.493
3.47 904.965
3.48 905.45
3.49 905.946
3.5 906.454
3.51 906.975
3.52 907.507
3.53 908.051
3.54 908.606
3.55 909.173
3.56 909.752
3.57 910.342
3.58 910.944
3.59 911.557
3.6 912.181
3.61 912.817
3.62 913.464
3.63 914.122
3.64 914.791
3.65 915.471
3.66 916.162
3.67 916.863
3.68 917.576
3.69 918.299
3.7 919.034
3.71 919.778
3.72 920.534
3.73 921.3
3.74 922.076
3.75 922.863
3.76 923.66
3.77 924.468
3.78 925.285
3.79 926.113
3.8 926.951
3.81 927.8
3.82 928.658
3.83 929.526
3.84 930.404
3.85 931.292
3.86 932.19
3.87 933.098
3.88 934.015
3.89 934.942
3.9 935.879
3.91 936.825
3.92 937.781
3.93 938.747
3.94 939.721
3.95 940.706
3.96 941.699
3.97 942.702
3.98 943.714
3.99 944.735
4 945.766
4.01 946.805
4.02 947.854
4.03 948.911
4.04 949.978
4.05 951.054
4.06 952.138
4.07 953.231
4.08 954.333
4.09 955.444
4.1 956.564
4.11 957.692
4.12 958.829
4.13 959.974
4.14 961.128
4.15 962.291
4.16 963.462
4.17 964.641
4.18 965.829
4.19 967.025
4.2 968.23
4.21 969.442
4.22 970.663
4.23 971.892
4.24 973.13
4.25 974.375
4.26 975.628
4.27 976.89
4.28 978.159
4.29 979.437
4.3 980.722
4.31 982.015
4.32 983.316
4.33 984.625
4.34 985.942
4.35 987.266
4.36 988.599
4.37 989.938
4.38 991.286
4.39 992.641
4.4 994.003
4.41 995.374
4.42 996.751
4.43 998.136
4.44 999.529
4.45 1000.93
4.46 1002.34
4.47 1003.75
4.48 1005.17
4.49 1006.6
4.5 1008.04
4.51 1009.48
4.52 1010.93
4.53 1012.39
4.54 1013.86
4.55 1015.33
4.56 1016.81
4.57 1018.29
4.58 1019.79
4.59 1021.29
4.6 1022.79
4.61 1024.31
4.62 1025.83
4.63 1027.35
4.64 1028.89
4.65 1030.43
4.66 1031.98
4.67 1033.53
4.68 1035.09
4.69 1036.66
4.7 1038.24
4.71 1039.82
4.72 1041.41
4.73 1043
4.74 1044.6
4.75 1046.21
4.76 1047.82
4.77 1049.44
4.78 1051.07
4.79 1052.7
4.8 1054.34
4.81 1055.99
4.82 1057.64
4.83 1059.3
4.84 1060.96
4.85 1062.63
4.86 1064.31
4.87 1065.99
4.88 1067.68
4.89 1069.38
4.9 1071.08
4.91 1072.79
4.92 1074.5
4.93 1076.22
4.94 1077.94
4.95 1079.68
4.96 1081.41
4.97 1083.16
4.98 1084.91
4.99 1086.66
5 1088.42
5.01 1090.19
5.02 1091.96
5.03 1093.74
5.04 1095.52
5.05 1097.31
5.06 1099.11
5.07 1100.91
5.08 1102.72
5.09 1104.53
5.1 1106.35
5.11 1108.17
5.12 1110
5.13 1111.84
5.14 1113.68
5.15 1115.53
5.16 1117.38
5.17 1119.23
5.18 1121.1
5.19 1122.97
5.2 1124.84
5.21 1126.72
5.22 1128.6
5.23 1130.49
5.24 1132.39
5.25 1134.29
5.26 1136.19
5.27 1138.1
5.28 1140.02
5.29 1141.94
5.3 1143.87
5.31 1145.8
5.32 1147.73
5.33 1149.68
5.34 1151.62
5.35 1153.58
5.36 1155.53
5.37 1157.5
5.38 1159.46
5.39 1161.44
5.4 1163.41
5.41 1165.4
5.42 1167.38
5.43 1169.38
5.44 1171.37
5.45 1173.38
5.46 1175.38
5.47 1177.39
5.48 1179.41
5.49 1181.43
5.5 1183.46
5.51 1185.49
5.52 1187.53
5.53 1189.57
5.54 1191.61
5.55 1193.67
5.56 1195.72
5.57 1197.78
5.58 1199.85
5.59 1201.92
5.6 1203.99
5.61 1206.07
5.62 1208.15
5.63 1210.24
5.64 1212.33
5.65 1214.43
5.66 1216.53
5.67 1218.64
5.68 1220.75
5.69 1222.86
5.7 1224.98
5.71 1227.11
5.72 1229.24
5.73 1231.37
5.74 1233.51
5.75 1235.65
5.76 1237.8
5.77 1239.95
5.78 1242.1
5.79 1244.26
5.8 1246.43
5.81 1248.59
5.82 1250.77
5.83 1252.94
5.84 1255.13
5.85 1257.31
5.86 1259.5
5.87 1261.69
5.88 1263.89
5.89 1266.1
5.9 1268.3
5.91 1270.51
5.92 1272.73
5.93 1274.95
5.94 1277.17
5.95 1279.4
5.96 1281.63
5.97 1283.87
5.98 1286.11
5.99 1288.35
6 1290.6
