0 inf
0.1 inf
0.2 inf
0.3 inf
0.4 inf
0.5 inf
0.6 inf
0.7 inf
0.8 inf
0.9 inf
1 inf
1.1 734.274
1.2 694.243
1.3 659.292
1.4 628.667
1.5 601.771
1.6 578.122
1.7 557.327
1.8 539.059
1.9 523.044
2 509.051
2.1 496.883
2.2 486.37
2.3 477.364
2.4 469.738
2.5 463.379
2.6 458.187
2.7 454.075
2.8 450.963
2.9 448.781
3 447.467
3.1 446.963
3.2 447.218
3.3 448.186
3.4 449.823
3.5 452.091
3.6 454.954
3.7 458.38
3.8 462.339
3.9 466.803
4 471.746
4.1 477.146
4.2 482.978
4.3 489.225
4.4 495.865
4.5 502.883
4.6 510.26
4.7 517.982
4.8 526.034
4.9 534.403
5 543.075
5.1 552.039
5.2 561.283
5.3 570.797
5.4 580.57
5.5 590.594
5.6 600.858
5.7 611.355
5.8 622.077
5.9 633.015
6 644.162
